Z1 <-
structure(c(82, 92, 102, 112, 122, 132, 142, 152, 92, 104, 116, 
128, 140, 152, 164, 176, 102, 116, 130, 144, 158, 172, 186, 200, 
112, 128, 144, 160, 176, 192, 208, 224, 122, 140, 158, 176, 194, 
212, 230, 248, 132, 152, 172, 192, 212, 232, 252, 272, 142, 164, 
186, 208, 230, 252, 274, 296, 152, 176, 200, 224, 248, 272, 296, 
320), .Dim = c(8L, 8L))
Z2 <-
structure(c(204, 492, 492, 1292), .Dim = c(2L, 2L))
